32
27
44
67
17
23
90
79
94
19
15
45
13
23
87
64
26
1
95
7
51
11
83
19
57
11
72
75
31
76
20
7
82
51
92
47
82
99
30
82
12
8
88
14
37
57
80
95
85
59
99
10
23
25
29
53
18
47
25
77
38
90
50
35
24
74
88
3
60
26
96
25
20
46
77
64
16
80
12
26
79
41
9
75
1
60
21
37
35
27
37
37
27
41
49
32
17
19
70
25
42
30
42
74
74
54
3
68
49
42
8
31
44
52
73
8
9
83
96
93
36
46
66
27
23
53
58
14
65
41
71
6
11
3
1
5
43
13
40
37
38
13
98
74
4
56
90
94
64
73
9
78
52
61
83
64
7
91
66
32
20
49
51
61
43
46
81
3
2
26
50
88
95
78
5
60
92
14
69
35
86
71
46
82
38
74
34
94
32
67
16
37
2
42
58
63
35
36
75
75
