71
23
53
49
77
64
75
7
78
28
98
94
35
62
43
67
15
43
15
2
72
85
41
67
46
70
19
12
56
17
2
0
63
73
25
70
41
87
20
51
33
20
43
79
81
81
44
19
35
12
82
44
86
91
23
58
80
28
46
26
21
22
74
92
65
34
9
80
24
25
85
66
12
35
75
47
87
40
75
32
70
70
78
12
18
68
73
87
14
67
80
54
93
8
84
0
43
22
63
52
54
17
51
17
65
67
17
26
21
85
50
12
36
35
91
13
13
44
45
25
72
35
47
20
9
30
20
21
68
7
24
6
82
87
54
34
73
9
19
75
1
77
94
9
24
59
34
80
66
25
66
37
34
42
47
85
29
27
9
47
73
34
7
25
36
91
26
13
9
31
60
58
52
92
99
73
78
65
49
10
84
62
96
81
9
43
64
42
17
47
78
34
31
66
17
4
5
93
75
41
